Developing the Leader Within You,John Maxwell,225,c
The 360 Degree Leader,John Maxwell,369,c
In Search of Lost Time,Marcel Proust,365,c
The Practice of Computing Using Python,Punch and Enbody,792,c
Code Complete,Steve McConnell,960,c
